{
    "transl": [
        -0.16158223152160645,
        0.5349223613739014,
        0.954645037651062
    ],
    "global_orient": [
        [
            [
                0.0024484992027282715,
                0.032128363847732544,
                0.9994807243347168
            ],
            [
                0.9996426105499268,
                0.026527047157287598,
                -0.003301560878753662
            ],
            [
                -0.02661922574043274,
                0.9991316199302673,
                -0.032051920890808105
            ]
        ]
    ],
    "body_pose": [
        [
            [
                0.9800480604171753,
                -0.1447880119085312,
                -0.136169895529747
            ],
            [
                0.14688412845134735,
                0.9891388416290283,
                0.005420070141553879
            ],
            [
                0.13390617072582245,
                -0.025313125923275948,
                0.9906706809997559
            ]
        ],
        [
            [
                0.9951173067092896,
                0.09860198944807053,
                -0.004380853846669197
            ],
            [
                -0.09843958169221878,
                0.9947386384010315,
                0.02836829423904419
            ],
            [
                0.007154962979257107,
                -0.02779853343963623,
                0.9995879530906677
            ]
        ],
        [
            [
                0.9886780381202698,
                0.016005713492631912,
                0.1491963416337967
            ],
            [
                -0.026524167507886887,
                0.9972792267799377,
                0.06877966970205307
            ],
            [
                -0.14768953621387482,
                -0.0719582661986351,
                0.9864125847816467
            ]
        ],
        [
            [
                0.9913517236709595,
                0.05089754983782768,
                0.1209593415260315
            ],
            [
                -0.04551714286208153,
                0.9978649616241455,
                -0.04683704301714897
            ],
            [
                -0.12308497726917267,
                0.0409262515604496,
                0.9915518760681152
            ]
        ],
        [
            [
                0.9905943274497986,
                -0.07836577296257019,
                -0.11216835677623749
            ],
            [
                0.06942199170589447,
                0.9942494630813599,
                -0.08153916150331497
            ],
            [
                0.11791318655014038,
                0.07298529893159866,
                0.990338146686554
            ]
        ],
        [
            [
                0.9941020011901855,
                -0.10165668278932571,
                -0.037776872515678406
            ],
            [
                0.09377525001764297,
                0.980726957321167,
                -0.17140842974185944
            ],
            [
                0.054473623633384705,
                0.16685493290424347,
                0.9844754934310913
            ]
        ],
        [
            [
                0.9922497272491455,
                -0.06884077191352844,
                0.10344777256250381
            ],
            [
                0.05066339299082756,
                0.9843019843101501,
                0.1690646857023239
            ],
            [
                -0.11346239596605301,
                -0.1625133603811264,
                0.9801610708236694
            ]
        ],
        [
            [
                0.9894585013389587,
                0.09887900948524475,
                -0.10580535233020782
            ],
            [
                -0.07970108091831207,
                0.9818295240402222,
                0.1722165048122406
            ],
            [
                0.12091141939163208,
                -0.16196829080581665,
                0.9793603420257568
            ]
        ],
        [
            [
                0.9982735514640808,
                0.05819997191429138,
                -0.007919218391180038
            ],
            [
                -0.0581301748752594,
                0.9982704520225525,
                0.008775445632636547
            ],
            [
                0.008416248485445976,
                -0.008299953304231167,
                0.9999301433563232
            ]
        ],
        [
            [
                0.9961196184158325,
                0.0191179309040308,
                0.08590862154960632
            ],
            [
                -0.020848872140049934,
                0.9995964169502258,
                0.01929679699242115
            ],
            [
                -0.08550503849983215,
                -0.021013008430600166,
                0.9961161613464355
            ]
        ],
        [
            [
                0.9781355857849121,
                -0.17903368175029755,
                -0.10581894218921661
            ],
            [
                0.18128721415996552,
                0.9833570122718811,
                0.011996502988040447
            ],
            [
                0.10191000998020172,
                -0.030917838215827942,
                0.9943130612373352
            ]
        ],
        [
            [
                0.9988951086997986,
                -0.04698385298252106,
                -0.0010128978174179792
            ],
            [
                0.04699376970529556,
                0.9987823367118835,
                0.01501487847417593
            ],
            [
                0.00030620090547017753,
                -0.015045889653265476,
                0.9998867511749268
            ]
        ],
        [
            [
                0.9106579422950745,
                0.37473976612091064,
                -0.1739894300699234
            ],
            [
                -0.3966525197029114,
                0.9108197689056396,
                -0.11434231698513031
            ],
            [
                0.11562441289424896,
                0.17314006388187408,
                0.9780866503715515
            ]
        ],
        [
            [
                0.9324219226837158,
                -0.35942959785461426,
                0.03741311654448509
            ],
            [
                0.36108386516571045,
                0.9308030605316162,
                -0.056781359016895294
            ],
            [
                -0.014415353536605835,
                0.06645345687866211,
                0.9976853728294373
            ]
        ],
        [
            [
                0.9983052611351013,
                -0.006152878515422344,
                -0.05786880478262901
            ],
            [
                0.025472063571214676,
                0.9402797818183899,
                0.3394482433795929
            ],
            [
                0.05232428386807442,
                -0.340347021818161,
                0.9388429522514343
            ]
        ],
        [
            [
                0.653505802154541,
                0.5841000080108643,
                -0.48141196370124817
            ],
            [
                -0.6969817876815796,
                0.7124122977256775,
                -0.08176289498806
            ],
            [
                0.29520609974861145,
                0.3889678716659546,
                0.8726725578308105
            ]
        ],
        [
            [
                0.6411932706832886,
                -0.6146584749221802,
                0.459419310092926
            ],
            [
                0.7449036836624146,
                0.6423772573471069,
                -0.1801941692829132
            ],
            [
                -0.18436260521411896,
                0.4577624499797821,
                0.8697493672370911
            ]
        ],
        [
            [
                0.9545542001724243,
                0.08627880364656448,
                -0.2852756977081299
            ],
            [
                -0.07864265888929367,
                0.996173083782196,
                0.03813835233449936
            ],
            [
                0.28747451305389404,
                -0.0139702707529068,
                0.9576863646507263
            ]
        ],
        [
            [
                0.9257520437240601,
                -0.04561375081539154,
                0.37536996603012085
            ],
            [
                0.01949147880077362,
                0.997134268283844,
                0.07309792935848236
            ],
            [
                -0.37762850522994995,
                -0.060354042798280716,
                0.9239881634712219
            ]
        ],
        [
            [
                0.9942755103111267,
                -0.1004205197095871,
                0.036496151238679886
            ],
            [
                0.10206115245819092,
                0.7915370464324951,
                -0.602538526058197
            ],
            [
                0.03161917254328728,
                0.6028141379356384,
                0.7972549200057983
            ]
        ],
        [
            [
                0.9716897010803223,
                0.12056075036525726,
                -0.20318526029586792
            ],
            [
                -0.21320699155330658,
                0.8179923892021179,
                -0.5342576503753662
            ],
            [
                0.10179349780082703,
                0.5624531507492065,
                0.8205391764640808
            ]
        ]
    ],
    "betas": [
        0.8334383368492126,
        0.11472292244434357,
        1.7479634284973145,
        0.3941895067691803,
        -0.681816816329956,
        -1.0557358264923096,
        -0.3803952932357788,
        0.34773215651512146,
        -0.801179826259613,
        0.9801707863807678
    ],
    "left_hand_pose": [
        [
            [
                0.8423466682434082,
                0.5329764485359192,
                0.07992598414421082
            ],
            [
                -0.5338059067726135,
                0.8455162048339844,
                -0.012394566088914871
            ],
            [
                -0.07418473064899445,
                -0.03222443163394928,
                0.9967237114906311
            ]
        ],
        [
            [
                0.6815585494041443,
                0.7202171683311462,
                -0.12948071956634521
            ],
            [
                -0.7316893935203552,
                0.668215274810791,
                -0.13460713624954224
            ],
            [
                -0.010425355285406113,
                0.18648231029510498,
                0.9824029803276062
            ]
        ],
        [
            [
                0.9384142160415649,
                0.33880242705345154,
                -0.06776255369186401
            ],
            [
                -0.33790990710258484,
                0.9408575296401978,
                0.024576950818300247
            ],
            [
                0.07208164036273956,
                -0.0001657353714108467,
                0.9973987340927124
            ]
        ],
        [
            [
                0.4207988381385803,
                0.8832346796989441,
                0.20694181323051453
            ],
            [
                -0.8982757925987244,
                0.3738563060760498,
                0.23093730211257935
            ],
            [
                0.1266053318977356,
                -0.2830689549446106,
                0.9507066011428833
            ]
        ],
        [
            [
                0.8618229031562805,
                0.5068715810775757,
                0.018508538603782654
            ],
            [
                -0.5069907903671265,
                0.8619489073753357,
                0.002102052792906761
            ],
            [
                -0.014887944795191288,
                -0.011195254512131214,
                0.9998264908790588
            ]
        ],
        [
            [
                0.8791834712028503,
                0.4445487856864929,
                -0.17150187492370605
            ],
            [
                -0.44238609075546265,
                0.8952699899673462,
                0.052784547209739685
            ],
            [
                0.177005797624588,
                0.029462717473506927,
                0.9837687015533447
            ]
        ],
        [
            [
                0.507205605506897,
                0.8598189353942871,
                0.05877029895782471
            ],
            [
                -0.46785199642181396,
                0.21743178367614746,
                0.8566434383392334
            ],
            [
                0.7237796783447266,
                -0.4619901180267334,
                0.5125505924224854
            ]
        ],
        [
            [
                0.8779239654541016,
                0.4618977904319763,
                0.12609507143497467
            ],
            [
                -0.45317476987838745,
                0.8866057991981506,
                -0.09253531694412231
            ],
            [
                -0.15453846752643585,
                0.024095863103866577,
                0.9876928925514221
            ]
        ],
        [
            [
                0.92842698097229,
                0.2868407368659973,
                0.2361053079366684
            ],
            [
                -0.36647629737854004,
                0.602789580821991,
                0.7087594270706177
            ],
            [
                0.06097923219203949,
                -0.7445583343505859,
                0.6647664308547974
            ]
        ],
        [
            [
                0.3014664053916931,
                0.9533088803291321,
                -0.017894253134727478
            ],
            [
                -0.8806543946266174,
                0.2855861783027649,
                0.3780056834220886
            ],
            [
                0.36546653509140015,
                -0.09819735586643219,
                0.9256303310394287
            ]
        ],
        [
            [
                0.8338584899902344,
                0.5464136600494385,
                -0.078180231153965
            ],
            [
                -0.501779317855835,
                0.8093985319137573,
                0.30510908365249634
            ],
            [
                0.2299947440624237,
                -0.21518856287002563,
                0.9491028785705566
            ]
        ],
        [
            [
                0.777410089969635,
                0.6283875703811646,
                0.0276179239153862
            ],
            [
                -0.605277419090271,
                0.7354322671890259,
                0.3045959770679474
            ],
            [
                0.1710931658744812,
                -0.2535124719142914,
                0.9520811438560486
            ]
        ],
        [
            [
                0.8487436175346375,
                0.15903867781162262,
                0.5043222904205322
            ],
            [
                0.1609901338815689,
                0.8307192325592041,
                -0.5329050421714783
            ],
            [
                -0.5037027597427368,
                0.5334907174110413,
                0.6794639825820923
            ]
        ],
        [
            [
                0.9247425198554993,
                0.16392511129379272,
                -0.34348198771476746
            ],
            [
                0.0006236210465431213,
                0.9018368721008301,
                0.43207624554634094
            ],
            [
                0.38059285283088684,
                -0.3997734487056732,
                0.833864688873291
            ]
        ],
        [
            [
                0.921886146068573,
                0.2629851996898651,
                0.2845430076122284
            ],
            [
                -0.14965322613716125,
                0.9190683960914612,
                -0.36457812786102295
            ],
            [
                -0.3573931157588959,
                0.29351675510406494,
                0.886633038520813
            ]
        ]
    ],
    "right_hand_pose": [
        [
            [
                0.7992249131202698,
                -0.5886243581771851,
                -0.12149457633495331
            ],
            [
                0.594377875328064,
                0.8040562868118286,
                0.014440763741731644
            ],
            [
                0.08918829262256622,
                -0.08375509083271027,
                0.9924870729446411
            ]
        ],
        [
            [
                0.6700625419616699,
                -0.7299643754959106,
                0.13478980958461761
            ],
            [
                0.737336277961731,
                0.6335390210151672,
                -0.23444309830665588
            ],
            [
                0.08574049174785614,
                0.2564769387245178,
                0.9627399444580078
            ]
        ],
        [
            [
                0.9851492643356323,
                -0.15471138060092926,
                0.07446711510419846
            ],
            [
                0.14216719567775726,
                0.9781833291053772,
                0.15147888660430908
            ],
            [
                -0.09627800434827805,
                -0.13864251971244812,
                0.985651433467865
            ]
        ],
        [
            [
                0.3804658055305481,
                -0.8946377038955688,
                -0.23424169421195984
            ],
            [
                0.9189980030059814,
                0.33743566274642944,
                0.20391155779361725
            ],
            [
                -0.10338544845581055,
                -0.29284900426864624,
                0.9505529403686523
            ]
        ],
        [
            [
                0.862716019153595,
                -0.49895015358924866,
                -0.08227882534265518
            ],
            [
                0.502643883228302,
                0.863922655582428,
                0.03141298517584801
            ],
            [
                0.055409025400877,
                -0.06845743954181671,
                0.9961141347885132
            ]
        ],
        [
            [
                0.9057607054710388,
                -0.3714379072189331,
                0.2040378898382187
            ],
            [
                0.3827778697013855,
                0.9236701726913452,
                -0.0177370123565197
            ],
            [
                -0.18187551200389862,
                0.09416666626930237,
                0.9788023233413696
            ]
        ],
        [
            [
                0.4035124182701111,
                -0.9122752547264099,
                -0.07022494077682495
            ],
            [
                0.5110641121864319,
                0.16105717420578003,
                0.844318687915802
            ],
            [
                -0.7589408159255981,
                -0.3765825629234314,
                0.5312197208404541
            ]
        ],
        [
            [
                0.9235679507255554,
                -0.33924397826194763,
                -0.17870590090751648
            ],
            [
                0.3490211069583893,
                0.9367687106132507,
                0.025469768792390823
            ],
            [
                0.15876564383506775,
                -0.08589516580104828,
                0.9835728406906128
            ]
        ],
        [
            [
                0.9067556262016296,
                -0.35142970085144043,
                -0.2330050766468048
            ],
            [
                0.41966354846954346,
                0.6985008716583252,
                0.5796369314193726
            ],
            [
                -0.04094734787940979,
                -0.6233727931976318,
                0.7808519005775452
            ]
        ],
        [
            [
                0.2036745548248291,
                -0.9788352847099304,
                0.01994842290878296
            ],
            [
                0.9054520726203918,
                0.19607692956924438,
                0.3764442503452301
            ],
            [
                -0.3723883628845215,
                -0.05860975384712219,
                0.9262244701385498
            ]
        ],
        [
            [
                0.8616117238998413,
                -0.5062954425811768,
                0.035919059067964554
            ],
            [
                0.4818296432495117,
                0.8381185531616211,
                0.2557292580604553
            ],
            [
                -0.15957899391651154,
                -0.2030324637889862,
                0.966080904006958
            ]
        ],
        [
            [
                0.7928767204284668,
                -0.6088441014289856,
                0.025599241256713867
            ],
            [
                0.5795405507087708,
                0.7663686275482178,
                0.2771497070789337
            ],
            [
                -0.18835940957069397,
                -0.20490975677967072,
                0.9604856967926025
            ]
        ],
        [
            [
                0.9166785478591919,
                -0.21323169767856598,
                -0.3379831910133362
            ],
            [
                -0.09248603880405426,
                0.7095909118652344,
                -0.6985177397727966
            ],
            [
                0.38877594470977783,
                0.6715750098228455,
                0.6307458877563477
            ]
        ],
        [
            [
                0.9737663865089417,
                0.1246127188205719,
                0.190396249294281
            ],
            [
                -0.1987755298614502,
                0.873095691204071,
                0.44518789649009705
            ],
            [
                -0.11075808852910995,
                -0.4713551104068756,
                0.8749611377716064
            ]
        ],
        [
            [
                0.8298274278640747,
                -0.5081695914268494,
                -0.23054298758506775
            ],
            [
                0.45034050941467285,
                0.8538354635238647,
                -0.2610718607902527
            ],
            [
                0.3295145332813263,
                0.11282174289226532,
                0.9373854398727417
            ]
        ]
    ],
    "jaw_pose": [
        [
            [
                0.999538004398346,
                -0.02760503627359867,
                -0.012717069126665592
            ],
            [
                0.027568867430090904,
                0.9996153712272644,
                -0.003010723739862442
            ],
            [
                0.012795285321772099,
                0.0026587508618831635,
                0.9999145865440369
            ]
        ]
    ],
    "leye_pose": [
        [
            [
                0.9893020987510681,
                0.0633610412478447,
                -0.1314028948545456
            ],
            [
                -0.07599207013845444,
                0.992719829082489,
                -0.09344810247421265
            ],
            [
                0.1245252937078476,
                0.10243397951126099,
                0.9869147539138794
            ]
        ]
    ],
    "reye_pose": [
        [
            [
                0.9893243908882141,
                -0.05301165580749512,
                0.1357463151216507
            ],
            [
                0.06524059176445007,
                0.994045078754425,
                -0.08728143572807312
            ],
            [
                -0.1303110271692276,
                0.09520581364631653,
                0.986891508102417
            ]
        ]
    ],
    "expression": [
        0.5510956048965454,
        0.06867514550685883,
        1.256253719329834,
        -0.43643152713775635,
        -0.18886704742908478,
        -0.2191036194562912,
        -0.011652407236397266,
        0.34168511629104614,
        -0.08839533478021622,
        0.1447289139032364
    ]
}